 A = [5,3;1,2]

A =

     5     3
     1     2

A\B

ans =

  -32.1429
   63.5714

[5,6]*(A\B)

ans =

  220.7143

B

B =

    30
    95

B = [30;40]

B =

    30
    40

[5,6]*(A\B)

ans =

  102.8571

(A\B)

ans =

   -8.5714
   24.2857